1778340213934 0.26928 0
1778340226477 0.1247 1
1778340238713 0.29342 2
1778340250701 0.05518 3
1778340262649 0.03971 4
1778340275105 0.1485 5
1778340287605 0.32215 6
1778340300218 0.15319 7
1778340312927 0.37455 8
1778340325435 0.41635 9
1778340337877 0.13637 10
1778340350609 0.33068 11
1778340363193 0.44178 12
1778340375747 0.46659 13
1778340388129 0.41514 14
1778340401714 0.467 15
1778340413781 0.44375 16
1778340425622 0.47922 17
1778340437609 0.4945 18
1778340449957 0.52009 19
1778340462587 0.48308 20
1778340474937 0.51576 21
1778340487307 0.48824 22
1778340499759 0.52277 23
1778340512244 0.52658 24
1778340517268 0.5285172387111235 24
