1778340213934 0.5577 0
1778340226477 0.34335 1
1778340238713 0.63227 2
1778340250701 0.16295 3
1778340262649 0.09886 4
1778340275105 0.33522 5
1778340287605 0.65915 6
1778340300218 0.3478 7
1778340312927 0.761 8
1778340325435 0.82896 9
1778340337877 0.26132 10
1778340350609 0.62571 11
1778340363193 0.86623 12
1778340375747 0.85898 13
1778340388129 0.8215 14
1778340401714 0.88992 15
1778340413781 0.85839 16
1778340425622 0.88549 17
1778340437609 0.91014 18
1778340449957 0.89862 19
1778340462587 0.88743 20
1778340474937 0.90143 21
1778340487307 0.9085 22
1778340499759 0.9147 23
1778340512244 0.91701 24
1778340517268 0.9165216065357868 24
