1778340213934 0.66599 0
1778340226477 0.37008 1
1778340238713 0.70683 2
1778340250701 0.28176 3
1778340262649 0.20069 4
1778340275105 0.35208 5
1778340287605 0.52586 6
1778340300218 0.41766 7
1778340312927 0.72781 8
1778340325435 0.71377 9
1778340337877 0.45601 10
1778340350609 0.71694 11
1778340363193 0.77264 12
1778340375747 0.76267 13
1778340388129 0.76457 14
1778340401714 0.84644 15
1778340413781 0.7772 16
1778340425622 0.79878 17
1778340437609 0.89077 18
1778340449957 0.84154 19
1778340462587 0.8199 20
1778340474937 0.8448 21
1778340487307 0.839 22
1778340499759 0.87625 23
1778340512244 0.8246 24
1778340517268 0.8192532345612056 24
