1778340213934 0.55102 0
1778340226477 0.43537 1
1778340238713 0.52484 2
1778340250701 0.23486 3
1778340262649 0.14966 4
1778340275105 0.46579 5
1778340287605 0.69388 6
1778340300218 0.35374 7
1778340312927 0.78216 8
1778340325435 0.78035 9
1778340337877 0.2381 10
1778340350609 0.55138 11
1778340363193 0.83225 12
1778340375747 0.80952 13
1778340388129 0.7483 14
1778340401714 0.82993 15
1778340413781 0.80952 16
1778340425622 0.80952 17
1778340437609 0.83214 18
1778340449957 0.8671 19
1778340462587 0.8052 20
1778340474937 0.85714 21
1778340487307 0.87075 22
1778340499759 0.85034 23
1778340512244 0.89546 24
1778340517268 0.8941973545148149 24
