1778340210455 2.12007 0
1778340224421 1.74478 1
1778340236440 1.69714 2
1778340248905 1.6226 3
1778340261211 1.67639 4
1778340273669 1.75905 5
1778340286154 1.7008 6
1778340298781 1.63773 7
1778340311451 1.61244 8
1778340323963 1.55892 9
1778340336441 1.57849 10
1778340349159 1.56187 11
1778340361740 1.58307 12
1778340374247 1.51734 13
1778340386482 1.49896 14
1778340399918 1.51157 15
1778340411710 1.4694 16
1778340423676 1.44547 17
1778340436054 1.44034 18
1778340448460 1.38291 19
1778340461106 1.35233 20
1778340473483 1.35551 21
1778340485831 1.31908 22
1778340498313 1.28866 23
1778340510745 1.26865 24
