1778340210455 4.30525 0
1778340224421 1.63526 1
1778340236440 1.57524 2
1778340248905 1.49014 3
1778340261211 1.39542 4
1778340273669 1.39425 5
1778340286154 1.36738 6
1778340298781 1.27094 7
1778340311451 1.2237 8
1778340323963 1.15014 9
1778340336441 1.08757 10
1778340349159 1.02459 11
1778340361740 1.0449 12
1778340374247 1.02088 13
1778340386482 1.00595 14
1778340399918 0.93417 15
1778340411710 0.93514 16
1778340423676 0.9153 17
1778340436054 0.86215 18
1778340448460 0.8388 19
1778340461106 0.81412 20
1778340473483 0.78375 21
1778340485831 0.75711 22
1778340498313 0.74072 23
1778340510745 0.72037 24
