1778340210455 1.76724 0
1778340224421 1.4296 1
1778340236440 1.35376 2
1778340248905 1.29818 3
1778340261211 1.39804 4
1778340273669 1.42368 5
1778340286154 1.37654 6
1778340298781 1.3616 7
1778340311451 1.36174 8
1778340323963 1.32435 9
1778340336441 1.33753 10
1778340349159 1.28335 11
1778340361740 1.30102 12
1778340374247 1.27678 13
1778340386482 1.25782 14
1778340399918 1.29259 15
1778340411710 1.25278 16
1778340423676 1.24774 17
1778340436054 1.26332 18
1778340448460 1.22409 19
1778340461106 1.21838 20
1778340473483 1.21672 21
1778340485831 1.19432 22
1778340498313 1.18611 23
1778340510745 1.16969 24
