1778340210455 0.07046153846153846 0
1778340224421 0.04019956923076923 1
1778340236440 0.009673600000000004 2
1778340248905 0.008812 3
1778340261211 0.008416 4
1778340273669 0.008020000000000001 5
1778340286154 0.007624 6
1778340298781 0.007228 7
1778340311451 0.0068319999999999995 8
1778340323963 0.006436000000000001 9
1778340336441 0.00604 10
1778340349159 0.005644000000000001 11
1778340361740 0.005248000000000001 12
1778340374247 0.0048519999999999995 13
1778340386482 0.004456 14
1778340399918 0.00406 15
1778340411710 0.003664 16
1778340423676 0.003268 17
1778340436054 0.002872 18
1778340448460 0.002476 19
1778340461106 0.00208 20
1778340473483 0.0016840000000000006 21
1778340485831 0.001288 22
1778340498313 0.0008919999999999996 23
1778340510745 0.0004960000000000005 24
